[ -0.007453]
[ -0.001757]
[   0.02139]
[   0.02745]
[ -0.004376]
[   0.01434]
[  -0.01438]
[   -0.1688]
[    0.2623]
[   0.08623]
[   0.02321]
[    0.6174]
[    0.0683]
[   0.04003]
[  -0.01324]
[   0.02856]
[   0.02994]
[  -0.01569]
[    0.1623]
[   0.02953]
[    0.1653]
[  -0.00658]
[   0.03814]
[   -0.2553]
[   -0.3664]
[   -0.2958]
[    -0.327]
[    0.4277]
[    0.2211]
[    0.0283]
[    -0.161]
[   0.02797]
[   -0.2948]
[   -0.1851]
[   -0.1148]
[  -0.01753]
[   -0.2039]
[  -0.04266]
[    0.6544]
[     0.349]
[  -0.05281]
[   -0.3828]
[ -0.008669]
[   0.01279]
[   0.01476]
[  -0.02582]
[  0.001261]
[  0.004746]
[  -0.07364]
[  -0.03773]
[   -0.0193]
[    0.3926]
[    0.3222]
[   -0.8192]
[    0.4109]
[   -0.8182]
[    -0.273]
[  0.004793]
[    -3.666]
[    0.2224]
[    -1.683]
[   -0.2575]
[   0.05653]
[   -0.9482]
[    0.5342]
[   0.03424]
[   -0.4036]
[ -0.001973]
[   0.01652]
[   -0.2042]
[  -0.08279]
[  -0.01543]
[  0.007105]
[ -0.004058]
[ -0.004378]
[ -0.002671]
[  -0.02007]
[  -0.02991]
[ -0.001665]
[ -0.002322]
[  -0.00137]
[   0.01389]
[  0.008882]
[  -0.03317]
[ -0.009473]
[  0.006034]
[  0.003532]
[ -0.009628]
[ -0.006803]
[ -0.002536]
[  -0.01005]
[ -0.001836]
[ -0.002214]
[-0.0007842]
[-0.0008905]
[-0.0005554]
[  -0.00268]
[ -0.002707]
[   -0.0111]
[ -0.002385]
[  -0.00252]
[  -0.02607]
[  -0.04094]
[   -0.3488]
[  -0.01091]
[  -0.02104]
[ -0.009719]
[  -0.01568]
[  -0.02715]
[  -0.02953]
[   -0.1279]
[   -0.0759]
[   -0.2701]
[   0.02532]
[   -0.1659]
[     -2.57]
[    -3.947]
[     12.54]
[     8.968]
[     8.248]
[    -25.21]
[    -11.75]
[    -5.968]
[    -3.843]
[     0.403]
[    -3.012]
[    0.6781]
[   -0.2521]
[   -0.1553]
[   -0.2596]
[   -0.3743]
[  -0.04444]
[      0.11]
[   0.05356]
[  0.008739]
[     0.067]
[    0.1743]
[   0.01823]
[   -0.1571]
[   -0.2951]
[     0.103]
[   0.07164]
[   -0.4214]
[   -0.1632]
[  -0.05674]
[  -0.05968]
[     1.227]
[    0.0225]
[   0.06196]
[  -0.06472]
[  0.002116]
[ -0.006571]
[  -0.09864]
[   -0.3507]
[   -0.4076]
[    0.5844]
[   -0.3913]
[     3.044]
[ -0.003727]
[    0.8694]
[   -0.4583]
[  -0.08266]
[     3.715]
[     0.565]
[     2.722]
[ -0.008799]
[   -0.7932]
[     0.282]
[    0.3125]
[  0.008742]
[   -0.6518]
[   -0.2649]
[  -0.09839]
[    -1.034]
[    0.5141]
[ -0.002602]
[  -0.08901]
[   0.01963]
[   0.01096]
[    -0.263]
[  0.009189]
[  -0.01443]
[  -0.02374]
[ -0.005132]
[  -0.01043]
[   0.03421]
[  -0.01112]
[   -0.2714]
[   0.07273]
[  -0.06593]
[   -0.0718]
[  -0.02838]
[   -0.1099]
[  -0.02229]
[  -0.01919]
[  -0.02814]
[ -0.002375]
[ -0.001996]
[ -0.001436]
[ -0.001449]
[ -0.006795]
[ -0.005144]
[ 0.0005707]
[  -0.00687]
[  -0.01006]
[  -0.03201]
[  -0.06089]
[   -0.1101]