[       0]
[       0]
[       0]
[       0]
[       0]
[       0]
[       0]
[       0]
[       0]
[       0]
[       0]
[       0]
[       0]
[       0]
[       0]
[       0]
[       0]
[       0]
[       0]
[       0]
[       0]
[       0]
[       0]
[       0]
[       0]
[       0]
[       0]
[       0]
[       0]
[       0]
[       0]
[       0]
[       0]
[       0]
[       0]
[       0]
[       0]
[       0]
[       0]
[       0]
[       0]
[       0]
[       0]
[       0]
[       0]
[       0]
[       0]
[       0]
[ -0.6262]
[  -1.488]
[  -7.311]
[       0]
[       0]
[       0]
[       0]
[       0]
[       0]
[       0]
[       0]
[       0]
[  -1.332]
[ -0.5157]
[  0.2253]
[   2.043]
[ -0.1176]
[  -3.892]
[ -0.7346]
[  0.6533]
[   1.813]
[   1.309]
[  0.6034]
[   2.618]
[   1.332]
[  -1.384]
[  0.4743]
[       0]
[       0]
[       0]
[  -1.629]
[-0.09548]
[  0.2705]
[       0]
[       0]
[       0]
[       0]
[       0]
[       0]
[       0]
[       0]
[       0]
[       0]
[       0]
[       0]
[       0]
[       0]
[       0]
[       0]
[       0]
[       0]
[       0]
[       0]
[       0]
[       0]
[       0]
[       0]
[       0]
[       0]
[       0]
[       0]
[       0]
[       0]
[       0]
[       0]
[       0]
[  -0.223]
[  -1.731]
[-0.03431]
[  -1.156]
[ 0.06245]
[ -0.2515]
[       0]
[       0]
[       0]
[ -0.3464]
[  0.9025]
[ -0.6065]
[   1.111]
[    1.95]
[   1.453]
[       0]
[       0]
[       0]
[       0]
[       0]
[       0]
[       0]
[       0]
[       0]
[       0]
[       0]
[       0]
[       0]
[       0]
[       0]
[       0]
[       0]
[       0]
[       0]
[       0]
[       0]
[       0]
[       0]
[       0]
[   0.249]
[  -3.103]
[  -1.989]
[ -0.1143]
[   4.759]
[   1.929]
[   1.259]
[  -1.419]
[   1.532]
[       0]
[       0]
[       0]
[  -2.577]
[  -1.509]
[  0.8787]
[       0]
[       0]
[       0]
[       0]
[       0]
[       0]
[  -8.199]
[   1.105]
[   -6.47]
[   2.103]
[  -1.604]
[   -1.01]
[ -0.5393]
[  0.7791]
[  -2.776]
[       0]
[       0]
[       0]
[   1.474]
[  -1.339]
[   -1.04]
[  0.5338]
[  -1.667]
[   -2.65]
[ -0.8566]
[  -2.544]
[    0.11]
[  0.3049]
[  -0.108]
[  0.4866]
[  0.2726]
[   1.883]
[ -0.1482]
[       0]
[       0]
[       0]
[       0]
[       0]
[       0]
[  -1.004]
[  -0.816]
[  0.1065]
[ -0.5639]
[   1.033]
[  0.9867]
[       0]
[       0]
[       0]
[       0]
[       0]
[       0]
[       0]
[       0]
[       0]
[       0]
[       0]
[       0]
[       0]
[       0]
[       0]
[       0]
[       0]
[       0]
[       0]
[       0]
[       0]
[       0]
[       0]
[       0]
[       0]
[       0]
[       0]
[       0]
[       0]
[       0]
[       0]
[       0]
[       0]
[       0]
[       0]
[       0]
[       0]
[       0]
[       0]
[       0]
[       0]
[       0]
[       0]
[       0]
[       0]
[       0]
[       0]
[       0]
[       0]
[       0]
[       0]
[       0]
[       0]
[       0]
[       0]
[       0]
[       0]
[       0]
[       0]
[       0]
[       0]
[       0]
[       0]
[       0]
[       0]
[       0]
[       0]
[       0]
[       0]
[       0]
[       0]
[       0]
[       0]
[       0]
[       0]
[       0]
[       0]
[       0]
[       0]
[       0]
[       0]
[       0]
[       0]
[       0]
[       0]
[       0]
[       0]
[       0]
[       0]
[       0]
[       0]
[       0]
[       0]
[       0]
[       0]
[       0]
[       0]
[       0]
[       0]
[       0]
[       0]
[       0]
[       0]
[       0]
[       0]
[       0]
[       0]
[       0]
[       0]
[       0]
[       0]
[       0]
[       0]
[       0]
[       0]
[       0]
[       0]
[       0]
[       0]
[       0]
[       0]
[       0]
[       0]
[       0]
[       0]
[       0]
[       0]
[       0]
[       0]
[       0]
[       0]
[       0]
[       0]
[       0]
[       0]
[       0]
[       0]
[       0]
[  -1.705]
[   -8.79]
[  -7.902]
[   5.183]
[   1.007]
[  -10.31]
[   7.675]
[   6.835]
[   6.582]
[  -6.198]
[   6.682]
[   17.23]
[  -3.385]
[  -2.435]
[ -0.2911]
[       0]
[       0]
[       0]
[       0]
[       0]
[       0]
[       0]
[       0]
[       0]
[  0.3017]
[  -3.578]
[  -3.084]
[   1.751]
[ -0.8017]
[  0.6216]
[  0.3031]
[  -1.159]
[  0.1311]
[   1.021]
[ -0.1122]
[  0.6054]
[       0]
[       0]
[       0]
[-0.00958]
[  0.3807]
[   2.811]
[       0]
[       0]
[       0]
[       0]
[       0]
[       0]
[       0]
[       0]
[       0]
[       0]
[       0]
[       0]
[       0]
[       0]
[       0]
[       0]
[       0]
[       0]
[       0]
[       0]
[       0]
[       0]
[       0]
[       0]
[       0]
[       0]
[       0]
[       0]
[       0]
[       0]
[       0]
[       0]
[       0]
[  0.8651]
[  0.5437]
[  -1.193]
[   1.696]
[   2.092]
[  0.7644]
[       0]
[       0]
[       0]
[   1.064]
[ 0.09446]
[  -2.942]
[-0.05266]
[  -1.441]
[   4.451]
[       0]
[       0]
[       0]
[       0]
[       0]
[       0]
[       0]
[       0]
[       0]
[       0]
[       0]
[       0]
[       0]
[       0]
[       0]
[       0]
[       0]
[       0]
[       0]
[       0]
[       0]
[       0]
[       0]
[       0]
[ -0.3169]
[  -2.366]
[  0.1912]
[  -2.424]
[   1.293]
[  0.2732]
[  0.1369]
[   2.209]
[  -7.558]
[       0]
[       0]
[       0]
[ -0.2444]
[   1.014]
[   2.122]
[       0]
[       0]
[       0]
[       0]
[       0]
[       0]
[   2.143]
[    5.41]
[    9.58]
[  0.3445]
[-0.03422]
[   4.097]
[    5.42]
[  0.3522]
[   7.827]
[       0]
[       0]
[       0]
[  -2.202]
[    -1.5]
[  -2.128]
[   1.166]
[  -1.809]
[  0.5738]
[   3.032]
[  0.8617]
[  -2.432]
[       0]
[       0]
[       0]
[  -2.343]
[ 0.05328]
[  0.4088]
[       0]
[       0]
[       0]
[       0]
[       0]
[       0]
[  -1.539]
[   3.156]
[  -2.708]
[   1.214]
[  -2.647]
[    1.62]
[       0]
[       0]
[       0]
[       0]
[       0]
[       0]
[       0]
[       0]
[       0]
[       0]
[       0]
[       0]
[       0]
[       0]
[       0]
[       0]
[       0]
[       0]
[       0]
[       0]
[       0]
[       0]
[       0]
[       0]
[       0]
[       0]
[       0]
[       0]
[       0]
[       0]
[       0]
[       0]
[       0]
[       0]
[       0]
[       0]
[       0]
[       0]
[       0]
[       0]
[       0]
[       0]
[       0]
[       0]
[       0]
[       0]
[       0]
[       0]
[       0]
[       0]
[       0]
[       0]
[       0]
[       0]
[       0]
[       0]
[       0]
[       0]
[       0]
[       0]
[       0]
[       0]
[       0]
[       0]
[       0]
[       0]
[       0]
[       0]
[       0]
[       0]
[       0]
[       0]
[       0]
[       0]
[       0]
[       0]
[       0]
[       0]
[       0]
[       0]
[       0]
[       0]
[       0]
[       0]
[       0]
[       0]
[       0]
[       0]
[       0]
[       0]
[       0]
[       0]
[       0]
[       0]
[       0]
[       0]
[       0]
[       0]
[       0]